750
3
0 2
1
4
5
6 8
7
9
11
13
10 12
14
16
17
15 18
21
19
22
24
23
25
20 26
28
29
27 30
31 32
33
34
35
36 37
38
39
41
42
43
40 44
45
46 47
48
50
49 51
52 53
54 55
56
57 58
60
59 61
62
63
66 67
64 65
68 69
70
71 72
73
74
75
77
78
76 79
81
80 82
83
84 85
86 88
87
89
90
92
94 95
91 93
96 97
102 104
103
99 101
100
98
106
107
105 108
109
110
112
111
113
114 115
118 119
116 117
120
121
122
123 124
125
127
126 128
129 130
131 133
132
135
136
139
134 137
141
140
142
138 143
145
144 146
148
149
147 150
151 152
154
153 155
156 157
159
161 162
158 160
164
163 165
166
168 169
167
170
174
171 172
173 175
176
177
178
181
179
180 182
183 185
184
186
187
189
188 190
192
193
194
191 195
196
197
198 199
201
203
202
200 204
205
206 207
208
209
210
211
212
213
214 215
216
217
219
220
218 221
222
223 224
226 227
225
228
229
232
230
233
231 234
235
240
239
236 237
241
238 242
243 244
245
246 248
247
249 250
251
252 253
254
255
256 257
258
261
260
259 262
263 264
265
267
268
266 269
270 271
272
274
275
276
277
278
279
273 280
281
282
284
283
286
287
285 288
289 290
292
293
294
291 295
296
298
299
300
301
302
303
297 304
305
306 307
308
309
311
312
313
314
315
316
317
310 318
319
320
321 322
323
325
326
324 327
328
329
330 331
332
333
335 336
334
337 338
340
339 341
342
343 344
346
347
348
349
345 350
351
352
354
356
353 355
357
358
360
359 363
362
361
364
365 366
369
367
370
368 371
372 373
374
375 376
377
378
379
380
381
384 385
382 383
387
389
386 388
390 392
391
393
394 395
396
397
398 399
400
403 405
404
401 402
407 408
406
409 410
412
411
413 414
416
415 417
418 419
420
421
423
422 424
425
426 427
429
431
430
428 432
433
435
436
439
434 437
440
441
438 443
442
444 445
446
447 449
448
450
451
453
452 454
456
457
455 458
460
459 461
462
463
464 465
467
468
466 469
470 471
473
472
474 475
477
479
476 478
480
481 482
483
485
486
488
484 487
489
491
490 492
494 495
493
497
496 498
499
500
502
501 503
504
505
506
507
508
509
512 513
510 511
514
515
517 518
516
519
520
521 522
526
523 524
525 527
528 529
530
531
532
533
534 535
536
540
539
538
541
537 542
543 544
546
545 547
549
550
551
554
548 552
555
556
557
553 558
561
560
559
562 563
565
564 566
567
569
570
568 571
572 573
575
574
576
577 578
581 582
579 580
589 590
588
586 587
583 585
584
591
592
593
594
596
597
595 598
599 600
602
601 603
604
605
606
610
607 608
611
609 612
613
614
615 617
616
618 619
621
620 622
623
624 625
626
627
629
631 632
628 630
638
635 636
633 634
639
640
641
642
637 643
644
647
646
645
649
648
650
652
651 653
654
655
656
658
657 659
660 661
662 664
663
665 666
667
669
668 670
671
672
675 676
673 674
677
678
679
680
681 683
682
684 685
687
688
686 689
690
691
692
693
694
699 700
697 698
695 696
702
701 703
704
707
706
708
705 709
710 711
712
713
714 715
716 717
719
718
720 721
722
724
723
727
725
729
728
730
726 731
732
733
734
735 737
736
738
741
739
742
743
740 744
745
746
747
748
749 750
751 752
756
755
754
757
759 760
753 758
761
762 763
764
766
767
768
765 769
771
772
770 773
775
776
777
778
779
780
774 781
782 783
784
785
786
787
788 789
790
791
793 794
792
795 796
797 798
799
800 801
802
803
804
805 806
807
809
808 810
811
813 814
812
815
816 817
819
820
821
822
823
818 824
826
827
829
825 828
830
832 833
831
834 835
836
839
837 838
840 841
842
843
844
848
846 847
845
849
850
851
852
854
855
853 856
857 858
859
860
861 862
863
865
864
867
866 868
869
870
871 872
874
873 876
875
877
879 881
880
878
882 883
884 885
886
887
890
889
888
896
895
893
891 892
894 897
900
899
898 901
902 903
905
906
907
904 909
908
910 911
914
913
912 915
917
916 918
919 920
921
922
924
923
925
926
929 930
927 928
933
931
932 934
935
936
938
939
937 940
942
944
941 943
945 946
948
947 949
950
952 953
951
954
956 957
955
959
958 960
962
963
964
961 965
966
967 968
969
970
971
972
975
973 974
976
978
977 979
980 981
983
982 984
987
986
985 988
989
994
992
990 991
993 995
997
996 999
998
